%YAML:1.0
calibration_time: "Thu Dec  7 21:46:19 2017"
nr_of_frames: 21
image_width: 640
image_height: 480
board_width: 4
board_height: 11
square_size: 5.0000000000000000e-01
flags: 6148
fisheye_model: 0
camera_matrix: !!opencv-matrix
   rows: 3
   cols: 3
   dt: d
   data: [ 6.7978907886509671e+02, 0., 3.1950000000000000e+02, 0.,
       6.8094255034502635e+02, 2.3950000000000000e+02, 0., 0., 1. ]
distortion_coefficients: !!opencv-matrix
   rows: 5
   cols: 1
   dt: d
   data: [ 1.5686626199468831e-01, -1.3654979316449170e+00,
       7.3149531133797274e-03, 2.1322547545406089e-03,
       2.6764625769895884e+00 ]
avg_reprojection_error: 1.4348133274240404e-01
per_view_reprojection_errors: !!opencv-matrix
   rows: 21
   cols: 1
   dt: f
   data: [ 1.81495786e-01, 1.66058898e-01, 1.52357116e-01,
       1.67582110e-01, 1.25532240e-01, 1.31801188e-01, 1.90131277e-01,
       1.11337200e-01, 1.34259120e-01, 1.22850411e-01, 1.29526734e-01,
       2.09257260e-01, 1.12178870e-01, 1.49417073e-01, 8.57671127e-02,
       1.65409267e-01, 1.14938922e-01, 1.35372847e-01, 9.22500789e-02,
       1.52425975e-01, 1.10663608e-01 ]
extrinsic_parameters: !!opencv-matrix
   rows: 21
   cols: 6
   dt: d
   data: [ -4.2967436602963993e-01, 3.9658716929643995e-01,
       -5.0803402045531998e-01, -2.3108884302610799e+00,
       -1.3424397534459236e+00, 1.1402530906277562e+01,
       -1.9232606242790931e-01, 2.8355500859618682e-01,
       2.6513270493521426e+00, 2.2271893238044247e+00,
       1.2844448861884292e+00, 9.8442585591357155e+00,
       5.9125407806490415e-01, 1.0610751725566193e-01,
       2.3096664253990999e+00, 1.5726706499481360e+00,
       5.2564520140017534e-01, 8.9334933886469710e+00,
       -2.6584483338250842e-01, 6.2739373508028995e-01,
       -1.1845518895668390e+00, -2.0568839115425588e+00,
       2.0042613896134204e-01, 1.1562698522567096e+01,
       -4.4069846492896780e-01, 1.0371122583821869e-02,
       -2.6436221240405908e+00, -2.2456955217632202e+00,
       2.8343071717209658e+00, 1.1907503101174825e+01,
       -1.2813583373686706e-02, 1.8679703270801661e-02,
       1.5846999160908555e+00, 1.8787021725847453e+00,
       -1.6814547123241705e+00, 1.2175723876317919e+01,
       2.0917089678864714e-01, 5.7120937191115162e-01,
       -9.2629241551859665e-01, -3.2602026007488174e+00,
       -3.1726941482188287e-01, 1.0379479111210760e+01,
       7.1702812179472253e-01, 3.8193692868840545e-01,
       2.9276284174850473e+00, -2.7377186337619182e+00,
       2.5247090194678568e+00, 1.2534475686355320e+01,
       -7.3897136026159660e-02, 1.5726669714788480e-01,
       -1.6147538128169339e+00, 2.1359656104556726e-01,
       -9.9327850908924953e-01, 1.4940411442313664e+01,
       1.1788947860266206e+00, 3.2445359028108506e-01,
       2.8109073032178920e+00, 2.8448137081533629e+00,
       2.2939979555070340e+00, 1.1626496545077648e+01,
       8.0594764596668378e-01, 2.2451382295256070e-01,
       -1.9005664192357577e-01, -2.4654364799696715e+00,
       -1.8813104709754465e+00, 9.2819244811876782e+00,
       2.4133468692681423e-01, -1.5552880793286647e-01,
       -1.6011788691411690e+00, -5.5221989964272709e+00,
       -6.1062497787873704e-01, 1.3331659415220289e+01,
       5.6790462345403980e-01, 3.9871225089247547e-01,
       -2.6312744498704621e-01, -1.2205276553743285e+00,
       -2.0349440530853289e+00, 1.0697934246580980e+01,
       -2.7894127862007551e-01, -1.2097563148757150e-01,
       -1.5843251574906052e+00, 4.6765096837979164e-01,
       3.8644284730364089e+00, 1.4232415427026242e+01,
       4.2338491283346408e-01, -3.4087033898242175e-01,
       -2.8095723442223743e+00, 4.1159671224130578e-01,
       -3.6857052937096085e-01, 2.0394411541623814e+01,
       6.2597976890595042e-01, -1.3433616808093107e-01,
       -5.6860516526294543e-02, -3.4448903989444797e+00,
       -1.6398190236636168e+00, 8.4091249246578261e+00,
       3.8871588401839532e-02, -3.6015273765351230e-01,
       -1.5600704126858567e+00, -5.2985271274861976e+00,
       2.8930328007827275e+00, 1.2878878124691948e+01,
       -3.6179555659870510e-01, -8.4600529675056629e-02,
       -2.9889718493352491e-01, -2.4467903548955308e+00,
       -2.3059693183205110e+00, 1.0567377502177838e+01,
       -9.5814324003870951e-02, -9.4187711185416453e-02,
       -2.6170666204220669e+00, 2.2898226459956106e-01,
       3.6921442189513036e+00, 1.3499043754173758e+01,
       -3.8571094108190634e-01, -2.5132730319048596e-02,
       -2.2870328837447229e-01, -4.3039780552405240e+00,
       -2.3578735473199406e+00, 1.0934164994475937e+01,
       1.5957184117650244e-01, -5.8828376224336465e-01,
       -2.9658042040537769e+00, 1.1660185089225807e+00,
       2.9381425859508399e+00, 1.0069185667291256e+01 ]
