%YAML:1.0
---
camera_matrix: !!opencv-matrix
   rows: 3
   cols: 3
   dt: d
   data: [ 1.1578685013326915e+03, 0., 6.2888151623585020e+02, 0.,
       1.1266418878151230e+03, 3.7540150316693411e+02, 0., 0., 1. ]
distortion_coefficients: !!opencv-matrix
   rows: 1
   cols: 5
   dt: d
   data: [ 2.0235387710498887e-01, -1.7947702178314038e+00,
       3.9435012411779720e-03, 1.3091340734184065e-03,
       4.3373287298518566e+00 ]
