%YAML:1.0
---
calibration_time: "Thu 09 Nov 2017 05:16:02 PM EST"
nr_of_frames: 26
image_width: 640
image_height: 480
board_width: 4
board_height: 11
square_size: 5.0000000000000000e-01
# flags: +fix_principal_point +fix_k4 +fix_k5
flags: 6148
fisheye_model: 0
camera_matrix: !!opencv-matrix
   rows: 3
   cols: 3
   dt: d
   data: [ 5.0445716018591645e+02, 0., 320., 0., 5.0468264565260881e+02,
       240., 0., 0., 1. ]
distortion_coefficients: !!opencv-matrix
   rows: 5
   cols: 1
   dt: d
   data: [ -9.2104881401148295e-02, 1.6201270858998096e-01,
       -3.0165610009851374e-03, 9.7983552576188931e-03,
       -7.0848400625181759e-02 ]
avg_reprojection_error: 2.5649185887157794e-01
per_view_reprojection_errors: !!opencv-matrix
   rows: 26
   cols: 1
   dt: f
   data: [ 2.19299912e-01, 2.06462026e-01, 2.29385704e-01,
       2.27973312e-01, 2.78455734e-01, 2.82393605e-01, 2.21541613e-01,
       2.76400596e-01, 3.51645023e-01, 4.41114902e-01, 4.05319303e-01,
       2.95181632e-01, 2.71502525e-01, 3.50060314e-01, 2.13974938e-01,
       1.65016741e-01, 2.53178090e-01, 1.91428781e-01, 2.12338641e-01,
       2.52266437e-01, 2.29898944e-01, 1.96448162e-01, 2.21989498e-01,
       1.37346223e-01, 1.03678659e-01, 1.16992287e-01 ]
# a set of 6-tuples (rotation vector + translation vector) for each view
extrinsic_parameters: !!opencv-matrix
   rows: 26
   cols: 6
   dt: d
   data: [ -5.0395883516838702e-01, -3.4276830450081280e-01,
       -1.3507602821163434e+00, -2.9047426388096702e+00,
       3.2282143468770563e+00, 1.0793206489503694e+01,
       -3.3170388383344385e-01, -4.4982653158752184e-01,
       -1.4115614901959246e+00, -5.6854969892443874e+00,
       2.5038850873618328e+00, 1.0231908420885016e+01,
       -2.8656894737129007e-01, -2.5049154222581399e-01,
       -1.5030827801733584e+00, -4.1511790284966432e+00,
       6.2521679236451067e-01, 1.0805270288487472e+01,
       -4.9756128079214196e-01, -1.8203271408555688e-01,
       -1.9112452622724589e+00, -2.1264501002663563e+00,
       3.1597837843548358e+00, 1.0900563505181458e+01,
       -4.5670165120222800e-01, -6.4453824121300076e-03,
       -2.0388522372637854e+00, -1.2150255773876015e+00,
       1.3552181044846392e+00, 1.1187979664600856e+01,
       -1.5172453970261823e-01, -2.8737859518472070e-01,
       -1.4706528616771113e+00, -5.5918558940381606e+00,
       -8.8155099673994841e-01, 1.0034230993100072e+01,
       -2.2146698532923445e-01, -4.3600427772340722e-01,
       -1.1897293739913435e+00, -5.8231466707012505e+00,
       4.6176697726736118e-02, 9.9989625230628558e+00,
       -4.1827463285398803e-01, -3.5145509298559663e-01,
       -1.4885869667272367e+00, -3.0674763967048446e+00,
       2.5486178347696447e+00, 8.1335523659254676e+00,
       -4.3088383362690535e-01, -1.9866281788525259e-01,
       -2.1071681645258051e+00, -1.7497144945913614e+00,
       2.8758544045972427e+00, 8.3288538958788791e+00,
       -5.9956856085079169e-01, -6.5840926751970585e-01,
       -1.3842398632369386e+00, -2.3322020257880580e+00,
       1.5030784752177735e+00, 7.2178559999855771e+00,
       -6.5397235861502412e-01, -4.1323524123089195e-01,
       -1.7940886213426039e+00, -1.3836210270576861e+00,
       1.6660033906393683e+00, 8.1096553861134968e+00,
       -7.2657658714385520e-01, -7.5541534385137733e-04,
       -1.6024934837883926e+00, 3.4449318658404865e-01,
       3.1746500671857234e+00, 1.1010964103345797e+01,
       -3.6874948988373890e-01, -6.6272505452832786e-01,
       -1.3671231746785169e+00, -4.6589385194796691e+00,
       3.0078067524553935e+00, 8.4988792775149218e+00,
       -1.6564520327780086e-01, -5.4232321590707200e-01,
       -1.5766260345378675e+00, -5.1200496420241572e+00,
       3.8871922778580986e-01, 8.3810281615967668e+00,
       -5.4768340993394438e-01, -4.7152369684204332e-01,
       -1.5861129081857199e+00, -3.2107059670684350e+00,
       4.1111890099257176e+00, 1.0981191289306528e+01,
       -5.5736477815725038e-01, -4.2749691588866318e-01,
       -1.4371975228768381e+00, -2.3877313699585145e+00,
       3.1633735939194700e+00, 1.6408564089842489e+01,
       -5.8605837531341609e-01, -1.4157930544399688e-01,
       -1.6710001607366338e+00, -5.8070705931861166e-01,
       1.4620640247668210e-01, 1.3328736584933043e+01,
       -3.8270369864723897e-01, -6.3361518349565005e-01,
       -1.0836039366538552e+00, -5.0155578749234104e+00,
       1.4718093671473749e+00, 1.4515245304970220e+01,
       -5.2299448069712773e-01, -3.9725419286325267e-02,
       -1.7534980153843540e+00, 1.0060672301928893e-01,
       -6.9129381171184445e-01, 1.4420635244808192e+01,
       -6.5397732847889878e-01, -7.0833324308619494e-01,
       -1.5584283323862442e+00, -9.7942010938700597e-01,
       4.5018415317094833e+00, 1.1445000184348602e+01,
       4.0897194189738800e-01, 1.9653764263840465e-01,
       -1.5043963801660831e+00, -5.7948059119640005e+00,
       -1.1152142248138079e+00, 1.2609474556179967e+01,
       1.2461180540061456e-01, -2.3795033872869314e-01,
       -1.4641263968574387e+00, -6.7889409824089029e+00,
       -1.0976200781520369e+00, 1.0665231492606427e+01,
       -7.3368014529744818e-01, -1.0343713258868636e-01,
       -1.5248297314580570e+00, -4.8857348115186723e-02,
       4.1555356777263786e+00, 1.1903396400725640e+01,
       -1.5840566475673321e-01, -3.2851928233338556e-01,
       -1.5621899792665508e+00, -4.7909074107382210e+00,
       2.1310597124222572e+00, 1.4716803078916769e+01,
       3.1433818740797051e-02, -3.4619636987536589e-02,
       -1.6032263832078688e+00, -6.2980700683352229e+00,
       1.9081662660253857e+00, 1.7425145765571010e+01,
       -3.6560304335059973e-01, -3.5838350973897821e-02,
       -1.5052652008320515e+00, -5.2222196075354921e+00,
       3.7516878886165488e+00, 2.0291180720452957e+01 ]
