<?xml version="1.0"?>
<opencv_storage>
<calibration_time>"Tue 07 Nov 2017 08:18:53 PM EST"</calibration_time>
<nr_of_frames>17</nr_of_frames>
<image_width>4032</image_width>
<image_height>3024</image_height>
<board_width>4</board_width>
<board_height>11</board_height>
<square_size>5.0000000000000000e-01</square_size>
<fix_aspect_ratio>1.</fix_aspect_ratio>
<!-- flags: +fix_aspectRatio +fix_principal_point +zero_tangent_dist +fix_k4 +fix_k5 -->
<flags>6158</flags>
<fisheye_model>0</fisheye_model>
<camera_matrix type_id="opencv-matrix">
  <rows>3</rows>
  <cols>3</cols>
  <dt>d</dt>
  <data>
    3.4971097695156886e+03 0. 2016. 0. 3.4971097695156886e+03 1512. 0.
    0. 1.</data></camera_matrix>
<distortion_coefficients type_id="opencv-matrix">
  <rows>5</rows>
  <cols>1</cols>
  <dt>d</dt>
  <data>
    3.6752129639530479e-02 -3.8298256793209706e-01 0. 0.
    4.7272043907145717e-01</data></distortion_coefficients>
<avg_reprojection_error>1.9502208320529559e+00</avg_reprojection_error>
<per_view_reprojection_errors type_id="opencv-matrix">
  <rows>17</rows>
  <cols>1</cols>
  <dt>f</dt>
  <data>
    8.50347936e-01 1.83525610e+00 1.11042237e+00 1.73916352e+00
    2.24435616e+00 4.91126347e+00 6.67960405e-01 2.47857523e+00
    4.08762276e-01 1.26360774e+00 4.78269100e-01 8.50358844e-01
    1.25964594e+00 2.95559907e+00 1.10354316e+00 1.84137392e+00
    1.70722699e+00</data></per_view_reprojection_errors>
<!-- a set of 6-tuples (rotation vector + translation vector) for each view -->
<extrinsic_parameters type_id="opencv-matrix">
  <rows>17</rows>
  <cols>6</cols>
  <dt>d</dt>
  <data>
    2.1145106619461201e-01 8.9343099262352843e-01 2.7097944125334976e+00
    9.7912284820163116e+00 9.6649738026156695e-01 2.8109928365621467e+01
    5.7130200825628905e-02 -8.2934595449598347e-01
    -2.7774090932929902e+00 -6.5135733300636369e+00
    8.8946363571068048e+00 2.4907113161954296e+01 1.6087979835336547e-01
    -4.0066604460194488e-01 -3.0823145021269975e+00
    1.5880859978735633e+00 1.2796279336760650e+00 1.8480397052106206e+01
    -3.9209596168681676e-01 -8.8422417380444318e-01
    -2.7746063381324935e+00 1.0096837084609245e+01
    3.5548308337661214e+00 2.5029937280964379e+01
    -3.6862661896195931e-01 8.0020764758769472e-02
    2.5964095800535101e+00 1.0204292651470381e+00
    -4.9933776274503400e-01 2.1444977512391400e+01
    1.0178551385126645e-01 5.7335022657989765e-01 2.1017751828676556e+00
    2.4275410639431088e+00 2.0345171395957543e-01 1.9473320713137266e+01
    -5.2591662901233593e-01 8.6067077172277351e-01
    2.9493732964178889e+00 -6.9207377240249981e+00
    1.8979762525361547e+01 5.3204539791490781e+01
    -4.8989501219106091e-01 1.1931457026318135e+00
    2.3765236495042354e+00 -7.0881562776042928e-01
    9.6010219676339528e+00 2.5411959288874350e+01
    -3.7099481485438165e-02 4.4955715162840049e-01
    2.8258206453549155e+00 -7.3266577897467524e+00
    2.8370913117555890e+01 4.4699083711668258e+01 2.4445182872593374e-01
    -6.9954679347937632e-01 -2.0587976741799916e+00
    3.3331088391301091e+00 7.9572171795232052e+00 2.3516316756427930e+01
    3.2155823682626516e-01 -6.8955151891271160e-01
    -2.8135373637012253e+00 2.0149614521123973e+00
    1.3568312086867008e+01 4.3158075163370675e+01
    -7.1717562535448687e-01 9.5993853989420674e-01
    2.2918455338395369e+00 -8.5058202857841234e+00
    7.4504659644699220e+00 2.5204532679112532e+01 2.4540146386208575e-01
    2.5686407624300539e-01 -1.9160540848190177e+00
    1.0138504891370541e+01 -6.4615232047770652e+00
    3.5259068240848805e+01 -4.6567816515994842e-01
    5.0561085907993564e-01 2.1533513712483048e+00 9.6629466491790550e-01
    4.7880689857385121e+00 2.7038878131727724e+01
    -5.9526175622269950e-01 6.0965207722311643e-01
    2.5836789082731766e+00 -8.1381686576557062e+00
    1.5184726600999866e+01 3.6779262047198863e+01
    -7.6042228938521150e-01 6.5277395912893177e-01
    2.0081451419508722e+00 -3.1322781780417586e+00
    8.9126184991348332e+00 2.5898776027750429e+01
    -5.2133323894112238e-01 -2.9844653787380071e-01
    -3.0413756319927514e+00 1.1793509365772655e+01
    -2.7235814113773120e+00 2.9307757259098214e+01</data></extrinsic_parameters>
